      0/99     10.3G    0.1052   0.04156   0.02974    0.1765       736       416   0.09444    0.1487   0.06514   0.01269   0.07965   0.03485   0.02314
      1/99     9.56G    0.0769   0.03722    0.0221    0.1362       698       416    0.5258    0.3894     0.236   0.07128   0.07015   0.02558    0.0198
      2/99     9.56G   0.07006   0.03163   0.01908    0.1208       810       416    0.6981    0.4049    0.3911    0.1521   0.05866   0.02192   0.01492
      3/99     9.56G   0.06628   0.03073   0.01332    0.1103       765       416    0.7243    0.4053    0.4282    0.1863   0.05619   0.02031  0.007339
      4/99     9.56G   0.06163   0.02949  0.009625    0.1008       643       416    0.7808    0.4205    0.4626     0.185   0.05232   0.01934  0.005963
      5/99     9.56G   0.05912   0.02902   0.00835   0.09649       787       416    0.8962    0.5338    0.5648    0.2752   0.04691   0.01918  0.004989
      6/99     9.56G   0.05512   0.02832  0.007065    0.0905       669       416    0.9107    0.5458    0.5902    0.3056   0.03943   0.01826  0.004863
      7/99     9.56G   0.05363   0.02817   0.00655   0.08835       758       416    0.8487    0.5277    0.5776    0.2837   0.04612   0.01839  0.004474
      8/99     9.56G   0.05156   0.02754  0.006003    0.0851       724       416    0.9518    0.5594    0.6129    0.3238   0.04117   0.01773  0.004027
      9/99     9.56G   0.04998   0.02719  0.005443   0.08261       778       416    0.9507     0.573    0.6175    0.3496   0.03653   0.01747  0.004164
     10/99     9.56G   0.04807   0.02744  0.005459   0.08096       712       416    0.9543    0.5703    0.6206    0.3606   0.03643   0.01724  0.003686
     11/99     9.56G   0.04839   0.02723  0.005135   0.08075       695       416    0.9506    0.5788    0.6218    0.3331   0.03735   0.01717   0.00374
     12/99     9.56G   0.04611    0.0269  0.005051   0.07807       676       416    0.9492    0.5877     0.625    0.3603   0.03521   0.01725  0.003548
     13/99     9.56G   0.04482   0.02715  0.004944   0.07691       768       416    0.9537    0.5623    0.6176    0.3599   0.03439   0.01734  0.003972
     14/99     9.56G   0.04351   0.02685  0.004835   0.07519       692       416    0.9537    0.5725    0.6211    0.3557   0.03475   0.01729  0.003867
     15/99     9.56G   0.04283   0.02649  0.004617   0.07394       752       416    0.9492    0.5791    0.6266    0.3666   0.03521   0.01701  0.003421
     16/99     9.56G   0.04081   0.02665  0.004348   0.07181       826       416    0.9509    0.5686    0.6191    0.3523   0.03531   0.01731  0.003631
     17/99     9.56G   0.04005   0.02669  0.004178   0.07092       767       416    0.9352    0.5779    0.6194     0.364   0.03384    0.0175  0.003712
     18/99     9.56G   0.03949   0.02551  0.004195    0.0692       681       416    0.9529    0.5744    0.6199    0.3723   0.03267   0.01725  0.003416
     19/99     9.56G   0.03938     0.027  0.004202   0.07058       802       416    0.9417    0.5853    0.6212    0.3748   0.03252   0.01712  0.003278
     20/99     9.56G   0.03798   0.02651  0.004423   0.06891       782       416    0.9372    0.5722    0.6178    0.3544   0.03352   0.01795  0.005517
     21/99     9.56G   0.03778   0.02604  0.004335   0.06816       721       416     0.938     0.573    0.6182    0.3739   0.03229   0.01805  0.003246
     22/99     9.56G   0.03793   0.02654  0.004543   0.06901       848       416    0.9426    0.5504    0.6068    0.3611    0.0329   0.01779  0.004309
     23/99     9.56G   0.03735   0.02657  0.004021   0.06794       785       416     0.606    0.5648    0.6128    0.3582   0.03351   0.01841  0.004103
     24/99     9.56G   0.03646   0.02635  0.003938   0.06674       868       416    0.9353    0.5622    0.6089    0.3662   0.03231   0.01767  0.003926
     25/99     9.56G   0.03594   0.02612     0.004   0.06607       804       416    0.6512    0.5806    0.6202    0.3735   0.03162   0.01745  0.003121
     26/99     9.56G   0.03567   0.02571  0.003746   0.06512       724       416    0.6167    0.5808    0.6275    0.3786   0.03126   0.01717  0.003127
     27/99     9.56G    0.0353   0.02583  0.003494   0.06462       721       416    0.7246    0.5576    0.6061    0.3653   0.03291   0.01865  0.004093
     28/99     9.56G   0.03508   0.02592  0.003757   0.06476       803       416     0.637    0.5928    0.6235    0.3749   0.03227   0.01806  0.003413
     29/99     9.56G   0.03484    0.0257  0.003353    0.0639       695       416    0.9496    0.5901    0.6296    0.3911   0.03043   0.01703  0.002845
     30/99     9.56G   0.03438   0.02488  0.003378   0.06264       714       416    0.6547    0.5819    0.6277    0.3885    0.0306   0.01688  0.003168
     31/99     9.56G   0.03392   0.02461  0.003072    0.0616       833       416    0.6308    0.5978    0.6267    0.3849   0.03062   0.01692  0.002837
     32/99     9.56G   0.03369   0.02473  0.003235   0.06166       797       416    0.6154    0.6033     0.629    0.3857   0.03057   0.01701  0.002828
     33/99     9.56G   0.03342   0.02458  0.003254   0.06125       780       416    0.6057    0.6128    0.6254    0.3859   0.03113   0.01859  0.004472
     34/99     9.56G   0.03347    0.0244  0.003059   0.06093       693       416    0.9519    0.5919    0.6282    0.3921   0.03052   0.01704  0.002666
     35/99     9.56G    0.0331   0.02428  0.003026   0.06041       863       416    0.6201    0.5729    0.6187    0.3755   0.03122   0.01758  0.003101
     36/99     9.56G   0.03285   0.02416  0.002821   0.05983       810       416    0.6235    0.5843    0.6248    0.3901   0.03015   0.01672  0.003545
     37/99     9.56G   0.03267   0.02412  0.002825   0.05962       784       416    0.6494    0.5984    0.6271    0.3812    0.0313    0.0177  0.003498
     38/99     9.56G    0.0327   0.02422   0.00289   0.05982       722       416    0.6182    0.5949    0.6283    0.3864   0.03018   0.01702  0.003184
     39/99     9.56G   0.03278   0.02457  0.003038   0.06039       864       416    0.6226    0.6221    0.6319    0.3965   0.03011   0.01703  0.002905
     40/99     9.56G   0.03255   0.02385  0.002866   0.05926       869       416    0.6402      0.61    0.6308    0.3951   0.02974   0.01657  0.002651
     41/99     9.56G   0.03206    0.0237  0.002484   0.05825       773       416    0.6495    0.5978    0.6327    0.3939   0.03022   0.01659  0.002798
     42/99     9.56G   0.03205   0.02395  0.002623   0.05863       791       416    0.6048    0.6038    0.6301    0.3959   0.02984    0.0169  0.002867
     43/99     9.56G   0.03172   0.02413  0.002577   0.05842       796       416    0.6382    0.6019    0.6321     0.399   0.02973   0.01668  0.002636
     44/99     9.56G   0.03206   0.02365  0.002583   0.05829       776       416    0.6318    0.6174     0.633    0.3964   0.02969   0.01669   0.00302
     45/99     9.56G   0.03134   0.02364  0.002491   0.05747       755       416    0.6778    0.5976    0.6306    0.3997   0.02957    0.0167  0.002802
     46/99     9.56G   0.03148   0.02314  0.002322   0.05693       846       416    0.6229    0.5819    0.6254    0.3952   0.02977   0.01691  0.003053
     47/99     9.56G   0.03101   0.02308  0.002436   0.05652       773       416    0.6312    0.6159    0.6329    0.3993   0.02963   0.01688  0.003095
     48/99     9.56G   0.03112   0.02287  0.002487   0.05648       669       416    0.6119    0.6175    0.6323    0.4036    0.0293   0.01653  0.002897
     49/99     9.56G   0.03098   0.02302  0.002286   0.05629       766       416    0.6351    0.5998    0.6302    0.3956   0.02998   0.01694  0.003239
     50/99     9.56G   0.03097   0.02314  0.002226   0.05634       836       416    0.6211    0.6266    0.6342    0.4024   0.02932   0.01634  0.002622
     51/99     9.56G   0.03068   0.02307  0.002322   0.05606       658       416    0.6293    0.5962     0.632     0.404   0.02911   0.01663  0.002731
     52/99     9.56G   0.03068   0.02281  0.002238   0.05573       718       416    0.6268    0.5903     0.633    0.4016   0.02932   0.01667  0.002884
     53/99     9.56G   0.03033    0.0225  0.002215   0.05504       728       416    0.6392    0.6099    0.6355    0.4003   0.02939   0.01651  0.002558
     54/99     9.56G    0.0307   0.02259  0.002097   0.05539       776       416     0.644    0.5854    0.6315    0.4007   0.02926    0.0167  0.002606
     55/99     9.56G   0.03006   0.02259   0.00208   0.05473       699       416    0.6163    0.6049    0.6316    0.4003   0.02934   0.01677  0.002949
     56/99     9.56G    0.0299   0.02236  0.002078   0.05433       760       416    0.6821    0.6045    0.6338    0.4044   0.02913   0.01645  0.002824
     57/99     9.56G   0.02962   0.02221  0.001864    0.0537       709       416    0.6708    0.6109    0.6337    0.4029   0.02926   0.01668  0.002774
     58/99     9.56G   0.02979    0.0223  0.001893   0.05398       823       416    0.6469    0.6017    0.6354    0.4031   0.02911    0.0164  0.002858
     59/99     9.56G   0.02959   0.02192  0.001882   0.05339       784       416    0.6584    0.6159    0.6351    0.4013   0.02921   0.01699   0.00287
     60/99     9.56G   0.02985    0.0223  0.002081   0.05423       826       416    0.6372    0.6089    0.6322    0.4013   0.02949    0.0169   0.00318
     61/99     9.56G   0.02954    0.0219  0.001733   0.05318       841       416    0.6313    0.5951    0.6345    0.4065   0.02898   0.01638  0.002738
     62/99     9.56G   0.02958   0.02225  0.001885   0.05371       837       416    0.6389    0.6097    0.6351     0.403   0.02915   0.01656  0.002712
     63/99     9.56G   0.02945   0.02197  0.001914   0.05334       721       416    0.6425     0.608    0.6368    0.4061   0.02886   0.01647  0.002639
     64/99     9.56G   0.02879   0.02143  0.001738   0.05197       773       416    0.6399    0.6082    0.6331    0.4032   0.02922   0.01653  0.002644
     65/99     9.56G   0.02911   0.02191  0.001817   0.05284       822       416    0.6333     0.613    0.6345    0.4079   0.02888   0.01653  0.002558
     66/99     9.56G   0.02901   0.02181  0.001809   0.05262       744       416    0.6212    0.6019    0.6325    0.4048   0.02906   0.01682  0.002748
     67/99     9.56G   0.02902   0.02143  0.001756   0.05221       811       416    0.6446    0.6211    0.6365    0.4047    0.0292   0.01665  0.002664
     68/99     9.56G   0.02879   0.02104  0.001674   0.05151       698       416    0.6432    0.6114    0.6357    0.4074   0.02905   0.01638  0.002632
     69/99     9.56G   0.02855   0.02161  0.001711   0.05186       678       416    0.6217     0.611    0.6345    0.4064   0.02883   0.01662  0.002666
     70/99     9.56G   0.02848   0.02129  0.001734   0.05151       690       416    0.6508    0.6162    0.6354    0.4064   0.02887   0.01666  0.002565
     71/99     9.56G   0.02831   0.02129   0.00159   0.05119       675       416    0.6584    0.6034     0.636    0.4102   0.02883   0.01649   0.00265
     72/99     9.56G   0.02864   0.02142  0.001651   0.05171       769       416    0.6322    0.6059    0.6362    0.4073   0.02888   0.01659  0.002622
     73/99     9.56G   0.02813    0.0211  0.001694   0.05093       760       416    0.6283    0.5988    0.6346    0.4074   0.02894   0.01649  0.002815
     74/99     9.56G   0.02836   0.02111  0.001571   0.05104       780       416    0.6245    0.6023    0.6341    0.4097    0.0287   0.01654  0.002668
     75/99     9.56G   0.02804    0.0208  0.001582   0.05042       901       416      0.63    0.6021    0.6358    0.4058    0.0291   0.01675  0.002608
     76/99     9.56G   0.02798   0.02104   0.00148    0.0505       685       416    0.6329    0.5964    0.6363    0.4083   0.02881   0.01663  0.002564
     77/99     9.56G   0.02807   0.02087  0.001565   0.05051       724       416    0.6195    0.6062    0.6353    0.4119   0.02856    0.0163  0.002654
     78/99     9.56G    0.0277   0.02063   0.00153   0.04985       728       416    0.6512    0.6043    0.6359    0.4112   0.02872   0.01648  0.002778
     79/99     9.56G   0.02776   0.02091  0.001573   0.05024       659       416    0.6406    0.6063    0.6369    0.4107   0.02871   0.01646  0.002828
     80/99     9.56G    0.0276    0.0208  0.001555   0.04996       661       416    0.6279    0.6007    0.6352    0.4088   0.02868   0.01654  0.002645
     81/99     9.56G    0.0276   0.02079  0.001514   0.04991       745       416    0.6429    0.6015     0.634    0.4067   0.02888   0.01657  0.002838
     82/99     9.56G   0.02727   0.02038   0.00153   0.04918       768       416    0.6428    0.6079    0.6345    0.4092   0.02875   0.01671  0.002812
     83/99     9.56G   0.02746   0.02038  0.001385   0.04922       808       416    0.6146    0.6098    0.6345    0.4085   0.02866   0.01681  0.002847
     84/99     9.56G   0.02757   0.02081  0.001509   0.04989       676       416    0.6243    0.6007    0.6345     0.408   0.02887   0.01645  0.002909
     85/99     9.56G   0.02731   0.02036  0.001372   0.04904       864       416    0.6327    0.6092     0.636    0.4084   0.02872   0.01653  0.002723
     86/99     9.56G   0.02726   0.02078  0.001336   0.04937       840       416     0.626    0.6015    0.6345    0.4113   0.02846   0.01655  0.002706
     87/99     9.56G   0.02704   0.02047  0.001296   0.04881       732       416    0.6323    0.6176    0.6352    0.4109   0.02861   0.01653  0.002614
     88/99     9.56G   0.02724   0.02034  0.001467   0.04905       848       416    0.6241    0.6026    0.6348    0.4072   0.02877   0.01669  0.002994
     89/99     9.56G   0.02701   0.02053   0.00139   0.04894       729       416    0.6367    0.6064    0.6357    0.4106   0.02869   0.01684  0.002813
     90/99     9.56G   0.02689   0.02012  0.001287    0.0483       712       416    0.6288    0.5973    0.6339    0.4095    0.0288   0.01686  0.002742
     91/99     9.56G   0.02697   0.02046   0.00133   0.04876       727       416    0.6356    0.6036    0.6352    0.4119   0.02853   0.01677  0.002641
     92/99     9.56G   0.02713   0.02033  0.001347   0.04881       819       416    0.6247    0.6025    0.6334    0.4083   0.02887   0.01682  0.002852
     93/99     9.56G   0.02696   0.02046  0.001367   0.04879       751       416    0.6292    0.5996    0.6346    0.4096   0.02879   0.01674  0.002751
     94/99     9.56G   0.02656   0.02028   0.00128   0.04812       733       416    0.6238    0.6025    0.6335    0.4073   0.02886    0.0167  0.002868
     95/99     9.56G   0.02694   0.02035  0.001362   0.04865       920       416    0.6278    0.6175    0.6334    0.4106   0.02871   0.01684   0.00279
     96/99     9.56G   0.02679   0.02002   0.00134   0.04815       800       416    0.6202    0.6124    0.6344    0.4091   0.02863   0.01664   0.00283
     97/99     9.56G   0.02675   0.02034  0.001359   0.04846       772       416    0.6401    0.6041    0.6332    0.4089   0.02867    0.0168  0.002896
     98/99     9.56G   0.02669   0.02009  0.001305   0.04808       866       416    0.6294    0.5991    0.6334    0.4073   0.02889   0.01684  0.002871
     99/99     9.56G   0.02674   0.02003    0.0014   0.04817       798       416    0.6227    0.6069    0.6345    0.4113   0.02872   0.01669  0.002857
